60
870
880
890
900
910
920
930
940
950
960
970
31760
31830
31840
31880
31940
32000
32050
32090
32100
32110
32120
32130
32210
32270
32320
32330
32340
32420
32430
32500
32590
32690
32700
32750
32810
32840
32850
32900
32990
33100
33160
33230
33300
33380
33480
33560
33610
33690
33770
33830
33940
34000
34080
34180
34230
34260
34330
34380
34440
34530
34540
34600
34670
34750
34840
34920
34960
35030
35120
35200
35270
35280
35390
35440
35500
35550
35610
35620
31770
31780
31790
31800
31810
31820
31850
31860
31870
31890
31900
31910
31920
31930
31950
31960
31970
31980
31990
32010
32020
32030
32040
32060
32070
32080
32140
32150
32160
32170
32180
32190
32200
32220
32230
32240
32250
32260
32280
32290
32300
32310
32350
32360
32370
32380
32390
32400
32410
32440
32450
32460
32470
32480
32490
32510
32520
32530
32540
32550
32560
32570
32580
32600
32610
32620
32630
32640
32650
32660
32670
32680
32710
32720
32730
32740
32760
32770
32780
32790
32800
32820
32830
32860
32870
32880
32890
32910
32920
32930
32940
32950
32960
32970
32980
33000
33010
33020
33030
33040
33050
33060
33070
33080
33090
33110
33120
33130
33140
33150
33170
33180
33190
33200
33210
33220
33240
33250
33260
33270
33280
33290
33310
33320
33330
33340
33350
33360
33370
33390
33400
33410
33420
33430
33440
33450
33460
33470
33490
33500
33510
33520
33530
33540
33550
33570
33580
33590
33600
33620
33630
33640
33650
33660
33670
33680
33700
33710
33720
33730
33740
33750
33760
33780
33790
33800
33810
33820
33840
33850
33860
33870
33880
33890
33900
33910
33920
33930
33950
33960
33970
33980
33990
34010
34020
34030
34040
34050
34060
34070
34090
34100
34110
34120
34130
34140
34150
34160
34170
34190
34200
34210
34220
34240
34250
34270
34280
34290
34300
34310
34320
34340
34350
34360
34370
34390
34400
34410
34420
34430
34450
34460
34470
34480
34490
34500
34510
34520
34550
34560
34570
34580
34590
34610
34620
34630
34640
34650
34660
34680
34690
34700
34710
34720
34730
34740
34760
34770
34780
34790
34800
34810
34820
34830
34850
34860
34870
34880
34890
34900
34910
34930
34940
34950
34970
34980
34990
35000
35010
35020
35040
35050
35060
35070
35080
35090
191600
35100
35110
35130
35140
35150
35160
35170
191610
191620
191630
35180
35190
35210
35220
35230
35240
35250
35260
35290
35300
35310
35320
35330
35340
35350
35360
35370
35380
35400
35410
35420
191640
35430
35450
35460
35470
35480
35490
35510
35520
35530
35540
35560
35570
35580
35590
35600
35630
35640
35650
35660
