CG_ROOT
20
60
440
450
460
470
480
490
500
510
520
530
540
550
560
570
580
870
880
890
900
910
920
930
940
950
960
970
12070
12170
12180
12260
12300
12350
12410
12470
12480
12530
12580
12660
12730
12740
12800
12840
12930
13030
13100
13210
13220
13230
13280
13360
13370
13420
13510
13560
13590
13660
13730
13740
13810
13820
13890
13930
14000
14080
14140
14250
14360
14420
14500
14600
14650
14750
14850
14910
14920
14970
15040
15050
15060
15150
15160
15220
15230
15270
15340
15350
15360
15370
15480
15530
15630
15670
15780
15870
15880
15920
16010
16100
16190
16290
16400
16430
16510
16610
16720
16830
16890
16970
17050
17100
17210
17320
17390
17480
17540
17650
31760
31830
31840
31880
31940
32000
32050
32090
32100
32110
32120
32130
32210
32270
32320
32330
32340
32420
32430
32500
32590
32690
32700
32750
32810
32840
32850
32900
32990
33100
33160
33230
33300
33380
33480
33560
33610
33690
33770
33830
33940
34000
34080
34180
34230
34260
34330
34380
34440
34530
34540
34600
34670
34750
34840
34920
34960
35030
35120
35200
35270
35280
35390
35440
35500
35550
35610
35620
12080
12090
12100
12110
12120
12130
12140
12150
12160
12190
12200
12210
12220
12230
12240
12250
12270
12280
12290
12310
12320
12330
12340
12360
12370
12380
12390
12400
12420
12430
12440
12450
12460
12490
12500
12510
12520
12540
12550
12560
12570
12590
12600
12610
12620
12630
12640
12650
12670
12680
12690
12700
12710
12720
12750
12760
12770
12780
12790
12810
12820
12830
12850
12860
12870
12880
12890
12900
12910
12920
12940
12950
12960
12970
12980
12990
13000
13010
13020
13040
13050
13060
13070
13080
13090
13110
13120
13130
13140
13150
13160
13170
13180
13190
13200
13240
13250
13260
13270
13290
13300
13310
13320
13330
13340
13350
13380
13390
13400
13410
13430
13440
13450
13460
13470
13480
13490
13500
13520
13530
13540
13550
13570
13580
13600
13610
13620
13630
13640
13650
13670
13680
13690
13700
13710
13720
13750
13760
13770
13780
13790
13800
13830
13840
13850
13860
13870
13880
13900
13910
13920
13940
13950
13960
13970
13980
13990
14010
14020
14030
14040
14050
14060
14070
14090
14100
14110
14120
14130
14150
14160
14170
14180
14190
14200
14210
14220
14230
14240
14260
14270
14280
14290
14300
14310
14320
14330
14340
14350
14370
14380
14390
14400
14410
14430
14440
14450
14460
14470
14480
14490
14510
14520
14530
14540
14550
14560
14570
14580
14590
14610
14620
14630
14640
14660
14670
14680
14690
14700
14710
14720
14730
14740
14760
14770
14780
14790
14800
14810
14820
14830
14840
14860
14870
14880
14890
14900
14930
14940
14950
14960
14980
14990
15000
15010
15020
15030
15070
15080
15090
15100
15110
15120
15130
15140
15170
15180
15190
15200
15210
15240
15250
15260
15280
15290
15300
15310
15320
15330
15380
15390
15400
15410
15420
15430
15440
15450
15460
15470
15490
15500
15510
15520
15540
15550
15560
15570
15580
15590
15600
15610
15620
15640
15650
15660
15680
15690
15700
15710
15720
15730
15740
15750
15760
15770
15790
15800
15810
15820
15830
15840
15850
15860
15890
15900
15910
15930
15940
15950
15960
15970
15980
15990
16000
16020
16030
16040
16050
16060
16070
16080
16090
16110
16120
16130
16140
16150
16160
16170
16180
16200
16210
16220
16230
16240
16250
16260
16270
16280
16300
16310
16320
16330
16340
16350
16360
16370
16380
16390
16410
16420
16440
16450
16460
16470
16480
16490
16500
16520
16530
16540
16550
16560
16570
16580
16590
16600
16620
16630
16640
16650
16660
16670
16680
16690
16700
16710
16730
16740
16750
16760
16770
16780
16790
16800
16810
16820
16840
16850
16860
16870
16880
16900
16910
16920
16930
16940
16950
16960
16980
16990
17000
17010
17020
17030
17040
17060
17070
17080
17090
17110
17120
17130
17140
17150
17160
17170
17180
17190
17200
17220
17230
17240
17250
17260
17270
17280
17290
17300
17310
17330
17340
17350
17360
17370
17380
17400
17410
17420
17430
17440
17450
17460
17470
17490
17500
17510
17520
17530
17550
17560
17570
17580
17590
17600
17610
17620
17630
17640
31770
31780
31790
31800
31810
31820
31850
31860
31870
31890
31900
31910
31920
31930
31950
31960
31970
31980
31990
32010
32020
32030
32040
32060
32070
32080
32140
32150
32160
32170
32180
32190
32200
32220
32230
32240
32250
32260
32280
32290
32300
32310
32350
32360
32370
32380
32390
32400
32410
32440
32450
32460
32470
32480
32490
32510
32520
32530
32540
32550
32560
32570
32580
32600
32610
32620
32630
32640
32650
32660
32670
32680
32710
32720
32730
32740
32760
32770
32780
32790
32800
32820
32830
32860
32870
32880
32890
32910
32920
32930
32940
32950
32960
32970
32980
33000
33010
33020
33030
33040
33050
33060
33070
33080
33090
33110
33120
33130
33140
33150
33170
33180
33190
33200
33210
33220
33240
33250
33260
33270
33280
33290
33310
33320
33330
33340
33350
33360
33370
33390
33400
33410
33420
33430
33440
33450
33460
33470
33490
33500
33510
33520
33530
33540
33550
33570
33580
33590
33600
33620
33630
33640
33650
33660
33670
33680
33700
33710
33720
33730
33740
33750
33760
33780
33790
33800
33810
33820
33840
33850
33860
33870
33880
33890
33900
33910
33920
33930
33950
33960
33970
33980
33990
34010
34020
34030
34040
34050
34060
34070
34090
34100
34110
34120
34130
34140
34150
34160
34170
34190
34200
34210
34220
34240
34250
34270
34280
34290
34300
34310
34320
34340
34350
34360
34370
34390
34400
34410
34420
34430
34450
34460
34470
34480
34490
34500
34510
34520
34550
34560
34570
34580
34590
34610
34620
34630
34640
34650
34660
34680
34690
34700
34710
34720
34730
34740
34760
34770
34780
34790
34800
34810
34820
34830
34850
34860
34870
34880
34890
34900
34910
34930
34940
34950
34970
34980
34990
35000
35010
35020
35040
35050
35060
35070
35080
35090
191600
35100
35110
35130
35140
35150
35160
35170
191610
191620
191630
35180
35190
35210
35220
35230
35240
35250
35260
35290
35300
35310
35320
35330
35340
35350
35360
35370
35380
35400
35410
35420
191640
35430
35450
35460
35470
35480
35490
35510
35520
35530
35540
35560
35570
35580
35590
35600
35630
35640
35650
35660
